timestamp,value
2014-12-20 00:00:00,23823.18
2014-12-20 00:30:00,22314.248
2014-12-20 01:00:00,21201.11
2014-12-20 01:30:00,19651.652
2014-12-20 02:00:00,18510.555
2014-12-20 02:30:00,17251.125
2014-12-20 03:00:00,15959.692
2014-12-20 03:30:00,14765.302
2014-12-20 04:00:00,13256.397
2014-12-20 04:30:00,11986.924
2014-12-20 05:00:00,10867.953
2014-12-20 05:30:00,10230.131
2014-12-20 06:00:00,10135.162
2014-12-20 06:30:00,10581.189
2014-12-20 07:00:00,11518.6
2014-12-20 07:30:00,12771.131
2014-12-20 08:00:00,14067.696
2014-12-20 08:30:00,15221.326
2014-12-20 09:00:00,16405.213
2014-12-20 09:30:00,17352.172
2014-12-20 10:00:00,18133.379
2014-12-20 10:30:00,18933.771
2014-12-20 11:00:00,19610.406
2014-12-20 11:30:00,20349.535
2014-12-20 12:00:00,21181.055
2014-12-20 12:30:00,21790.805
2014-12-20 13:00:00,22313.066
2014-12-20 13:30:00,22818.37
2014-12-20 14:00:00,23076.676
2014-12-20 14:30:00,23167.875
2014-12-20 15:00:00,23045.506
2014-12-20 15:30:00,22637.68
2014-12-20 16:00:00,22111.895
2014-12-20 16:30:00,21691.875
2014-12-20 17:00:00,21810.084
2014-12-20 17:30:00,22660.95
2014-12-20 18:00:00,23729.086
2014-12-20 18:30:00,24822.46
2014-12-20 19:00:00,25945.451
2014-12-20 19:30:00,26417.926
2014-12-20 20:00:00,26561.746
2014-12-20 20:30:00,26519.031
2014-12-20 21:00:00,26526.916
2014-12-20 21:30:00,26516.648
2014-12-20 22:00:00,26665.049
2014-12-20 22:30:00,26628.887
2014-12-20 23:00:00,26488.729
2014-12-20 23:30:00,26030.62
2014-12-21 00:00:00,25228.133
2014-12-21 00:30:00,23909.613
2014-12-21 01:00:00,23372.246
2014-12-21 01:30:00,21782.787
2014-12-21 02:00:00,20195.227
2014-12-21 02:30:00,19318.496
2014-12-21 03:00:00,18517.664
2014-12-21 03:30:00,17493.203
2014-12-21 04:00:00,16408.775
2014-12-21 04:30:00,15323.307
2014-12-21 05:00:00,14190.3125
2014-12-21 05:30:00,13568.684
2014-12-21 06:00:00,12897.818
2014-12-21 06:30:00,12629.074
2014-12-21 07:00:00,13135.017
2014-12-21 07:30:00,14031.721
2014-12-21 08:00:00,15007.031
2014-12-21 08:30:00,16199.374
2014-12-21 09:00:00,16958.156
2014-12-21 09:30:00,17719.254
2014-12-21 10:00:00,18070.828
2014-12-21 10:30:00,18722.299
2014-12-21 11:00:00,19356.008
2014-12-21 11:30:00,20398.184
2014-12-21 12:00:00,21113.402
2014-12-21 12:30:00,21977.68
2014-12-21 13:00:00,22812.236
2014-12-21 13:30:00,23663.562
2014-12-21 14:00:00,24251.648
2014-12-21 14:30:00,24348.145
2014-12-21 15:00:00,24388.227
2014-12-21 15:30:00,24236.443
2014-12-21 16:00:00,23909.533
2014-12-21 16:30:00,23650.135
2014-12-21 17:00:00,23838.492
2014-12-21 17:30:00,24430.48
2014-12-21 18:00:00,25269.252
2014-12-21 18:30:00,26148.865
2014-12-21 19:00:00,26852.959
2014-12-21 19:30:00,26898.195
2014-12-21 20:00:00,26700.564
2014-12-21 20:30:00,26199.941
2014-12-21 21:00:00,25844.994
2014-12-21 21:30:00,25566.693
2014-12-21 22:00:00,25095.344
2014-12-21 22:30:00,24631.2
2014-12-21 23:00:00,24220.502
2014-12-21 23:30:00,23272.021
2014-12-22 00:00:00,21991.637
2014-12-22 00:30:00,20776.566
2014-12-22 01:00:00,19738.902
2014-12-22 01:30:00,18596.95
2014-12-22 02:00:00,17440.45
2014-12-22 02:30:00,16579.02
2014-12-22 03:00:00,15727.777
2014-12-22 03:30:00,15225.014
2014-12-22 04:00:00,14614.12
2014-12-22 04:30:00,14157.471
2014-12-22 05:00:00,13810.442
2014-12-22 05:30:00,13831.52
2014-12-22 06:00:00,14262.53
2014-12-22 06:30:00,15333.143
2014-12-22 07:00:00,16660.865
2014-12-22 07:30:00,18179.77
2014-12-22 08:00:00,18807.172
2014-12-22 08:30:00,20107.676
2014-12-22 09:00:00,20988.27
2014-12-22 09:30:00,21316.518
2014-12-22 10:00:00,21294.008
2014-12-22 10:30:00,21269.719
2014-12-22 11:00:00,20645.312
2014-12-22 11:30:00,20828.34
2014-12-22 12:00:00,19818.96
2014-12-22 12:30:00,19931.723
2014-12-22 13:00:00,19948.947
2014-12-22 13:30:00,20176.98
2014-12-22 14:00:00,20194.223
2014-12-22 14:30:00,20390.516
2014-12-22 15:00:00,20270.088
2014-12-22 15:30:00,19860.453
2014-12-22 16:00:00,19536.496
2014-12-22 16:30:00,19252.969
2014-12-22 17:00:00,19254.69
2014-12-22 17:30:00,19861.371
2014-12-22 18:00:00,20756.574
2014-12-22 18:30:00,21444.91
2014-12-22 19:00:00,22055.395
2014-12-22 19:30:00,22389.33
2014-12-22 20:00:00,22131.992
2014-12-22 20:30:00,21618.45
2014-12-22 21:00:00,21068.828
2014-12-22 21:30:00,20339.363
2014-12-22 22:00:00,19102.695
2014-12-22 22:30:00,18043.541
2014-12-22 23:00:00,16888.957
2014-12-22 23:30:00,15368.902
2014-12-23 00:00:00,13637.625
2014-12-23 00:30:00,11836.227
2014-12-23 01:00:00,10110.953
2014-12-23 01:30:00,8519.779
2014-12-23 02:00:00,7140.4453
2014-12-23 02:30:00,6072.0566
2014-12-23 03:00:00,5360.0703
2014-12-23 03:30:00,4961.541
2014-12-23 04:00:00,4668.7227
2014-12-23 04:30:00,4687.713
2014-12-23 05:00:00,5405.76
2014-12-23 05:30:00,6281.5586
2014-12-23 06:00:00,7237.158
2014-12-23 06:30:00,9183.258
2014-12-23 07:00:00,11305.082
2014-12-23 07:30:00,13500.608
2014-12-23 08:00:00,15506.2705
2014-12-23 08:30:00,17233.93
2014-12-23 09:00:00,18195.195
2014-12-23 09:30:00,19008.578
2014-12-23 10:00:00,19094.5
2014-12-23 10:30:00,18913.48
2014-12-23 11:00:00,18564.086
2014-12-23 11:30:00,18198.645
2014-12-23 12:00:00,17893.11
2014-12-23 12:30:00,17565.984
2014-12-23 13:00:00,17260.93
2014-12-23 13:30:00,17194.332
2014-12-23 14:00:00,17214.078
2014-12-23 14:30:00,17171.428
2014-12-23 15:00:00,17005.285
2014-12-23 15:30:00,16655.902
2014-12-23 16:00:00,16347.084
2014-12-23 16:30:00,16257.911
2014-12-23 17:00:00,16839.566
2014-12-23 17:30:00,17827.35
2014-12-23 18:00:00,19374.883
2014-12-23 18:30:00,20579.137
2014-12-23 19:00:00,21821.705
2014-12-23 19:30:00,22564.01
2014-12-23 20:00:00,22716.59
2014-12-23 20:30:00,22533.117
2014-12-23 21:00:00,22226.25
2014-12-23 21:30:00,21704.525
2014-12-23 22:00:00,20911.668
2014-12-23 22:30:00,19767.283
2014-12-23 23:00:00,18270.848
2014-12-23 23:30:00,16583.23
2014-12-24 00:00:00,14810.86
2014-12-24 00:30:00,12572.121
2014-12-24 01:00:00,10574.754
2014-12-24 01:30:00,8873.541
2014-12-24 02:00:00,7462.3906
2014-12-24 02:30:00,6472.7344
2014-12-24 03:00:00,5805.758
2014-12-24 03:30:00,5488.0938
2014-12-24 04:00:00,5357.8496
2014-12-24 04:30:00,5524.631
2014-12-24 05:00:00,5882.42
2014-12-24 05:30:00,6950.9453
2014-12-24 06:00:00,8498.004
2014-12-24 06:30:00,10421.182
2014-12-24 07:00:00,12606.48
2014-12-24 07:30:00,14917.342
2014-12-24 08:00:00,16784.031
2014-12-24 08:30:00,18197.22
2014-12-24 09:00:00,19147.125
2014-12-24 09:30:00,19591.688
2014-12-24 10:00:00,19691.58
2014-12-24 10:30:00,19575.008
2014-12-24 11:00:00,19176.965
2014-12-24 11:30:00,19128.2
2014-12-24 12:00:00,18934.996
2014-12-24 12:30:00,18633.973
2014-12-24 13:00:00,18493.385
2014-12-24 13:30:00,18523.836
2014-12-24 14:00:00,18553.633
2014-12-24 14:30:00,18305.273
2014-12-24 15:00:00,18096.861
2014-12-24 15:30:00,17920.676
2014-12-24 16:00:00,17742.613
2014-12-24 16:30:00,17548.66
2014-12-24 17:00:00,18134.73
2014-12-24 17:30:00,19372.668
2014-12-24 18:00:00,20759.953
2014-12-24 18:30:00,22141.611
2014-12-24 19:00:00,23255.426
2014-12-24 19:30:00,24051.1
2014-12-24 20:00:00,24388.004
2014-12-24 20:30:00,24062.562
2014-12-24 21:00:00,23712.338
2014-12-24 21:30:00,23500.838
2014-12-24 22:00:00,22572.664
2014-12-24 22:30:00,21706.586
2014-12-24 23:00:00,20498.934
2014-12-24 23:30:00,18731.842
2014-12-25 00:00:00,16698.682
2014-12-25 00:30:00,14729.105
2014-12-25 01:00:00,12609.205
2014-12-25 01:30:00,10705.408
2014-12-25 02:00:00,9384.803
2014-12-25 02:30:00,8511.777
2014-12-25 03:00:00,7722.5977
2014-12-25 03:30:00,7048.7285
2014-12-25 04:00:00,6786.9746
2014-12-25 04:30:00,6692.379
2014-12-25 05:00:00,6921.66
2014-12-25 05:30:00,7661.623
2014-12-25 06:00:00,9029.658
2014-12-25 06:30:00,10861.088
2014-12-25 07:00:00,12863.654
2014-12-25 07:30:00,15041.275
2014-12-25 08:00:00,16917.078
2014-12-25 08:30:00,18254.074
2014-12-25 09:00:00,18972.55
2014-12-25 09:30:00,19361.227
2014-12-25 10:00:00,19612.86
2014-12-25 10:30:00,19415.477
2014-12-25 11:00:00,19065.092
2014-12-25 11:30:00,18887.012
2014-12-25 12:00:00,18625.941
2014-12-25 12:30:00,18190.621
2014-12-25 13:00:00,18295.43
2014-12-25 13:30:00,18348.451
2014-12-25 14:00:00,18460.904
2014-12-25 14:30:00,18354.477
2014-12-25 15:00:00,18167.168
2014-12-25 15:30:00,17649.705
2014-12-25 16:00:00,17159.549
2014-12-25 16:30:00,17059.914
2014-12-25 17:00:00,17738.61
2014-12-25 17:30:00,19223.957
2014-12-25 18:00:00,20583.322
2014-12-25 18:30:00,21886.979
2014-12-25 19:00:00,23170.111
2014-12-25 19:30:00,24193.223
2014-12-25 20:00:00,24702.781
2014-12-25 20:30:00,24726.93
2014-12-25 21:00:00,24849.367
2014-12-25 21:30:00,24838.328
2014-12-25 22:00:00,24610.273
2014-12-25 22:30:00,24089.23
2014-12-25 23:00:00,23291.16
2014-12-25 23:30:00,21780.574
2014-12-26 00:00:00,19635.455
2014-12-26 00:30:00,17630.012
2014-12-26 01:00:00,15666.802
2014-12-26 01:30:00,13704.133
2014-12-26 02:00:00,12165.1875
2014-12-26 02:30:00,10884.387
2014-12-26 03:00:00,9962.271
2014-12-26 03:30:00,9189.162
2014-12-26 04:00:00,8282.248
2014-12-26 04:30:00,7606.385
2014-12-26 05:00:00,7293.8965
2014-12-26 05:30:00,7644.7246
2014-12-26 06:00:00,8681.4
2014-12-26 06:30:00,10171.361
2014-12-26 07:00:00,12117.547
2014-12-26 07:30:00,14219.799
2014-12-26 08:00:00,16123.88
2014-12-26 08:30:00,17568.28
2014-12-26 09:00:00,18502.648
2014-12-26 09:30:00,19274.201
2014-12-26 10:00:00,19747.117
2014-12-26 10:30:00,19973.2
2014-12-26 11:00:00,20006.516
2014-12-26 11:30:00,19922.195
2014-12-26 12:00:00,19899.078
2014-12-26 12:30:00,19862.91
2014-12-26 13:00:00,19946.516
2014-12-26 13:30:00,20128.158
2014-12-26 14:00:00,20067.588
2014-12-26 14:30:00,20004.402
2014-12-26 15:00:00,19551.941
2014-12-26 15:30:00,19025.465
2014-12-26 16:00:00,18558.293
2014-12-26 16:30:00,18432.613
2014-12-26 17:00:00,18740.082
2014-12-26 17:30:00,19810.746
2014-12-26 18:00:00,21182.977
2014-12-26 18:30:00,22595.047
2014-12-26 19:00:00,23871.605
2014-12-26 19:30:00,24746.533
2014-12-26 20:00:00,25261.17
2014-12-26 20:30:00,25588.668
2014-12-26 21:00:00,25824.018
2014-12-26 21:30:00,26025.928
2014-12-26 22:00:00,26093.156
2014-12-26 22:30:00,26140.262
2014-12-26 23:00:00,25987.406
2014-12-26 23:30:00,25196.324
2014-12-27 00:00:00,24256.586
2014-12-27 00:30:00,22825.402
2014-12-27 01:00:00,21337.457
2014-12-27 01:30:00,19758.787
2014-12-27 02:00:00,18446.508
2014-12-27 02:30:00,17226.45
2014-12-27 03:00:00,15971.697
2014-12-27 03:30:00,14543.706
2014-12-27 04:00:00,13082.218
2014-12-27 04:30:00,11587.016
2014-12-27 05:00:00,10427.799
2014-12-27 05:30:00,9731.484
2014-12-27 06:00:00,9659.342
2014-12-27 06:30:00,9921.992
2014-12-27 07:00:00,10461.805
2014-12-27 07:30:00,11623.766
2014-12-27 08:00:00,13001.469
2014-12-27 08:30:00,14501.446
2014-12-27 09:00:00,15459.672
2014-12-27 09:30:00,16484.094
2014-12-27 10:00:00,17169.508
2014-12-27 10:30:00,18043.39
2014-12-27 11:00:00,18700.957
2014-12-27 11:30:00,19517.717
2014-12-27 12:00:00,20114.049
2014-12-27 12:30:00,20784.684
2014-12-27 13:00:00,21328.832
2014-12-27 13:30:00,22008.48
2014-12-27 14:00:00,22374.674
2014-12-27 14:30:00,22503.252
2014-12-27 15:00:00,22346.918
2014-12-27 15:30:00,21806.812
2014-12-27 16:00:00,21049.234
2014-12-27 16:30:00,20485.035
2014-12-27 17:00:00,20617.027
2014-12-27 17:30:00,21397.098
2014-12-27 18:00:00,22394.93
2014-12-27 18:30:00,23343.105
2014-12-27 19:00:00,24350.344
2014-12-27 19:30:00,24775.244
2014-12-27 20:00:00,24812.705
2014-12-27 20:30:00,24645.477
2014-12-27 21:00:00,24584.64
2014-12-27 21:30:00,24440.762
2014-12-27 22:00:00,24507.512
2014-12-27 22:30:00,24638.473
2014-12-27 23:00:00,24499.615
2014-12-27 23:30:00,23893.162
2014-12-28 00:00:00,23146.555
2014-12-28 00:30:00,22095.537
2014-12-28 01:00:00,21234.84
2014-12-28 01:30:00,20031.969
2014-12-28 02:00:00,19121.098
2014-12-28 02:30:00,18239.02
2014-12-28 03:00:00,16988.527
2014-12-28 03:30:00,16108.041
2014-12-28 04:00:00,14853.173
2014-12-28 04:30:00,13443.109
2014-12-28 05:00:00,11948.465
2014-12-28 05:30:00,11149.955
2014-12-28 06:00:00,10460.648
2014-12-28 06:30:00,10016.146
2014-12-28 07:00:00,10142.26
2014-12-28 07:30:00,10995.072
2014-12-28 08:00:00,11800.057
2014-12-28 08:30:00,13023.176
2014-12-28 09:00:00,13869.206
2014-12-28 09:30:00,14578.34
2014-12-28 10:00:00,14998.572
2014-12-28 10:30:00,15538.236
2014-12-28 11:00:00,16197.553
2014-12-28 11:30:00,17037.506
2014-12-28 12:00:00,17935.285
2014-12-28 12:30:00,18619.525
2014-12-28 13:00:00,19415.168
2014-12-28 13:30:00,20182.668
2014-12-28 14:00:00,20832.918
2014-12-28 14:30:00,21112.352
2014-12-28 15:00:00,21133.6
2014-12-28 15:30:00,20911.496
2014-12-28 16:00:00,20252.816
2014-12-28 16:30:00,19708.2
2014-12-28 17:00:00,19687.857
2014-12-28 17:30:00,20183.945
2014-12-28 18:00:00,20804.61
2014-12-28 18:30:00,21407.875
2014-12-28 19:00:00,21912.623
2014-12-28 19:30:00,21863.498
2014-12-28 20:00:00,21552.033
2014-12-28 20:30:00,20895.25
2014-12-28 21:00:00,20524.426
2014-12-28 21:30:00,19994.945
2014-12-28 22:00:00,19378.383
2014-12-28 22:30:00,18974.816
2014-12-28 23:00:00,18541.91
2014-12-28 23:30:00,17594.758
2014-12-29 00:00:00,16331.9
2014-12-29 00:30:00,15014.263
2014-12-29 01:00:00,13752.057
2014-12-29 01:30:00,12525.041
2014-12-29 02:00:00,11698.1875
2014-12-29 02:30:00,11051.111
2014-12-29 03:00:00,10210.289
2014-12-29 03:30:00,9945.234
2014-12-29 04:00:00,9105.869
2014-12-29 04:30:00,8289.93
2014-12-29 05:00:00,7844.9395
2014-12-29 05:30:00,7776.869
2014-12-29 06:00:00,8149.092
2014-12-29 06:30:00,9226.039
2014-12-29 07:00:00,9962.357
2014-12-29 07:30:00,11456.52
2014-12-29 08:00:00,12954.951
2014-12-29 08:30:00,14175.797
2014-12-29 09:00:00,15125.402
2014-12-29 09:30:00,15712.604
2014-12-29 10:00:00,15963.201
2014-12-29 10:30:00,16056.579
2014-12-29 11:00:00,16198.261
2014-12-29 11:30:00,16338.375
2014-12-29 12:00:00,16460.893
2014-12-29 12:30:00,16526.145
2014-12-29 13:00:00,16686.602
2014-12-29 13:30:00,16902.828
2014-12-29 14:00:00,17240.488
2014-12-29 14:30:00,17368.965
2014-12-29 15:00:00,17259.383
2014-12-29 15:30:00,16977.879
2014-12-29 16:00:00,16784.965
2014-12-29 16:30:00,16496.027
2014-12-29 17:00:00,16687.148
2014-12-29 17:30:00,17336.314
2014-12-29 18:00:00,18328.52
2014-12-29 18:30:00,19267.957
2014-12-29 19:00:00,19935.148
2014-12-29 19:30:00,20141.023
2014-12-29 20:00:00,19675.82
2014-12-29 20:30:00,19204.121
2014-12-29 21:00:00,18649.86
2014-12-29 21:30:00,17934.168
2014-12-29 22:00:00,17168.473
2014-12-29 22:30:00,16192.658
2014-12-29 23:00:00,15014.952
2014-12-29 23:30:00,13648.317
2014-12-30 00:00:00,11913.973
2014-12-30 00:30:00,10279.412
2014-12-30 01:00:00,8810.369
2014-12-30 01:30:00,7123.34
2014-12-30 02:00:00,5823.953
2014-12-30 02:30:00,4959.033
2014-12-30 03:00:00,4507.963
2014-12-30 03:30:00,4414.033
2014-12-30 04:00:00,4202.2617
2014-12-30 04:30:00,4281.1445
2014-12-30 05:00:00,4760.8535
2014-12-30 05:30:00,5933.3516
2014-12-30 06:00:00,7239.7617
2014-12-30 06:30:00,9178.668
2014-12-30 07:00:00,11415.209
2014-12-30 07:30:00,13764.557
2014-12-30 08:00:00,15975.051
2014-12-30 08:30:00,17793.166
2014-12-30 09:00:00,18065.941
2014-12-30 09:30:00,18661.979
2014-12-30 10:00:00,18819.219
2014-12-30 10:30:00,18380.258
2014-12-30 11:00:00,17932.648
2014-12-30 11:30:00,17454.084
2014-12-30 12:00:00,17169.477
2014-12-30 12:30:00,16769.957
2014-12-30 13:00:00,16554.475
2014-12-30 13:30:00,16374.692
2014-12-30 14:00:00,16545.188
2014-12-30 14:30:00,16571.914
2014-12-30 15:00:00,16537.87
2014-12-30 15:30:00,16105.597
2014-12-30 16:00:00,15775.313
2014-12-30 16:30:00,15743.148
2014-12-30 17:00:00,16265.124
2014-12-30 17:30:00,17282.422
2014-12-30 18:00:00,19015.703
2014-12-30 18:30:00,20299.379
2014-12-30 19:00:00,21341.041
2014-12-30 19:30:00,22047.031
2014-12-30 20:00:00,22232.115
2014-12-30 20:30:00,21911.309
2014-12-30 21:00:00,21648.965
2014-12-30 21:30:00,21168.248
2014-12-30 22:00:00,20326.766
2014-12-30 22:30:00,19267.812
2014-12-30 23:00:00,17821.543
2014-12-30 23:30:00,15867.814
2014-12-31 00:00:00,13971.598
2014-12-31 00:30:00,11930.932
2014-12-31 01:00:00,10079.969
2014-12-31 01:30:00,8558.803
2014-12-31 02:00:00,7456.8086
2014-12-31 02:30:00,6698.4805
2014-12-31 03:00:00,6158.6016
2014-12-31 03:30:00,5604.3906
2014-12-31 04:00:00,5448.672
2014-12-31 04:30:00,5491.5312
2014-12-31 05:00:00,6027.5176
2014-12-31 05:30:00,7069.1543
2014-12-31 06:00:00,8604.42
2014-12-31 06:30:00,10428.002
2014-12-31 07:00:00,12714.396
2014-12-31 07:30:00,15048.787
2014-12-31 08:00:00,17073.754
2014-12-31 08:30:00,18514.29
2014-12-31 09:00:00,19466.496
2014-12-31 09:30:00,19963.328
2014-12-31 10:00:00,19916.824
2014-12-31 10:30:00,19792.766
2014-12-31 11:00:00,19152.111
2014-12-31 11:30:00,18891.496
2014-12-31 12:00:00,18613.227
2014-12-31 12:30:00,18345.125
2014-12-31 13:00:00,18299.11
2014-12-31 13:30:00,18374.717
2014-12-31 14:00:00,18427.312
2014-12-31 14:30:00,18350.512
2014-12-31 15:00:00,18188.54
2014-12-31 15:30:00,17916.555
2014-12-31 16:00:00,17630.25
2014-12-31 16:30:00,17579.258
2014-12-31 17:00:00,18192.74
2014-12-31 17:30:00,19467.172
2014-12-31 18:00:00,20998.672
2014-12-31 18:30:00,22417.541
2014-12-31 19:00:00,23573.35
2014-12-31 19:30:00,24363.191
2014-12-31 20:00:00,24764.344
2014-12-31 20:30:00,24593.32
2014-12-31 21:00:00,24182.947
2014-12-31 21:30:00,23874.379
2014-12-31 22:00:00,22972.092
2014-12-31 22:30:00,21779.35
2014-12-31 23:00:00,20776.59
2014-12-31 23:30:00,18966.363
2015-01-01 00:00:00,16382.978
2015-01-01 00:30:00,14365.623
2015-01-01 01:00:00,12377.682
2015-01-01 01:30:00,10485.945
2015-01-01 02:00:00,8905.879
2015-01-01 02:30:00,7879.8105
2015-01-01 03:00:00,7061.301
2015-01-01 03:30:00,6596.8438
2015-01-01 04:00:00,6319.3145
2015-01-01 04:30:00,6116.332
2015-01-01 05:00:00,6335.4277
2015-01-01 05:30:00,7180.6895
2015-01-01 06:00:00,8383.8125
2015-01-01 06:30:00,10104.184
2015-01-01 07:00:00,12225.449
2015-01-01 07:30:00,14414.866
2015-01-01 08:00:00,16324.414
2015-01-01 08:30:00,17405.887
2015-01-01 09:00:00,18193.365
2015-01-01 09:30:00,18386.898
2015-01-01 10:00:00,18417.46
2015-01-01 10:30:00,18275.219
2015-01-01 11:00:00,18067.17
2015-01-01 11:30:00,17752.32
2015-01-01 12:00:00,17573.973
2015-01-01 12:30:00,17020.434
2015-01-01 13:00:00,16927.13
2015-01-01 13:30:00,17098.613
2015-01-01 14:00:00,17240.438
2015-01-01 14:30:00,17037.385
2015-01-01 15:00:00,16921.145
2015-01-01 15:30:00,16543.988
2015-01-01 16:00:00,16096.6045
2015-01-01 16:30:00,15964.813
2015-01-01 17:00:00,16598.66
2015-01-01 17:30:00,17772.639
2015-01-01 18:00:00,19315.367
2015-01-01 18:30:00,20621.578
2015-01-01 19:00:00,21956.18
2015-01-01 19:30:00,22941.871
2015-01-01 20:00:00,23277.842
2015-01-01 20:30:00,23350.154
2015-01-01 21:00:00,23356.773
2015-01-01 21:30:00,23075.566
2015-01-01 22:00:00,22650.691
2015-01-01 22:30:00,22046.463
2015-01-01 23:00:00,21113.389
2015-01-01 23:30:00,19721.648
2015-01-02 00:00:00,17820.762
2015-01-02 00:30:00,15541.584
2015-01-02 01:00:00,13434.649
2015-01-02 01:30:00,11378.875
2015-01-02 02:00:00,9664.09
2015-01-02 02:30:00,8302.039
2015-01-02 03:00:00,7237.6387
2015-01-02 03:30:00,6157.6367
2015-01-02 04:00:00,5445.756
2015-01-02 04:30:00,4785.371
2015-01-02 05:00:00,4473.8457
2015-01-02 05:30:00,4769.8906
2015-01-02 06:00:00,5639.9883
2015-01-02 06:30:00,7356.285
2015-01-02 07:00:00,9436.152
2015-01-02 07:30:00,11573.502
2015-01-02 08:00:00,13686.603
2015-01-02 08:30:00,15266.765
2015-01-02 09:00:00,16261.066
2015-01-02 09:30:00,16927.227
2015-01-02 10:00:00,17332.148
2015-01-02 10:30:00,17551.441
2015-01-02 11:00:00,17355.525
2015-01-02 11:30:00,17438.414
2015-01-02 12:00:00,17498.32
2015-01-02 12:30:00,17262.271
2015-01-02 13:00:00,17309.326
2015-01-02 13:30:00,17506.625
2015-01-02 14:00:00,17420.184
2015-01-02 14:30:00,17155.191
2015-01-02 15:00:00,16806.396
2015-01-02 15:30:00,16273.072
2015-01-02 16:00:00,15611.0625
2015-01-02 16:30:00,15378.031
2015-01-02 17:00:00,15708.184
2015-01-02 17:30:00,16995.555
2015-01-02 18:00:00,18342.586
2015-01-02 18:30:00,19833.762
2015-01-02 19:00:00,21166.814
2015-01-02 19:30:00,22246.814
2015-01-02 20:00:00,22987.588
2015-01-02 20:30:00,24457.64
2015-01-02 21:00:00,24695.924
2015-01-02 21:30:00,24978.414
2015-01-02 22:00:00,25228.117
2015-01-02 22:30:00,25158.795
2015-01-02 23:00:00,24937.99
2015-01-02 23:30:00,24217.43
2015-01-03 00:00:00,23064.69
2015-01-03 00:30:00,21801.418
2015-01-03 01:00:00,20189.723
2015-01-03 01:30:00,18178.008
2015-01-03 02:00:00,16634.531
2015-01-03 02:30:00,15510.488
2015-01-03 03:00:00,14080.44
2015-01-03 03:30:00,12661.621
2015-01-03 04:00:00,11217.684
2015-01-03 04:30:00,9713.248
2015-01-03 05:00:00,8623.229
2015-01-03 05:30:00,7758.9473
2015-01-03 06:00:00,7474.8984
2015-01-03 06:30:00,7795.1016
2015-01-03 07:00:00,8621.576
2015-01-03 07:30:00,10011.791
2015-01-03 08:00:00,11396.809
2015-01-03 08:30:00,12759.41
2015-01-03 09:00:00,13831.2295
2015-01-03 09:30:00,14987.923
2015-01-03 10:00:00,15989.12
2015-01-03 10:30:00,16942.066
2015-01-03 11:00:00,17786.137
2015-01-03 11:30:00,18583.637
2015-01-03 12:00:00,19335.25
2015-01-03 12:30:00,20046.016
2015-01-03 13:00:00,20688.59
2015-01-03 13:30:00,21396.324
2015-01-03 14:00:00,21790.936
2015-01-03 14:30:00,21908.06
2015-01-03 15:00:00,21779.184
2015-01-03 15:30:00,21227.902
2015-01-03 16:00:00,20438.484
2015-01-03 16:30:00,19828.645
2015-01-03 17:00:00,19931.836
2015-01-03 17:30:00,20568.021
2015-01-03 18:00:00,21400.33
2015-01-03 18:30:00,22375.229
2015-01-03 19:00:00,23394.254
2015-01-03 19:30:00,23809.924
2015-01-03 20:00:00,24100.184
2015-01-03 20:30:00,23931.125
2015-01-03 21:00:00,23976.258
2015-01-03 21:30:00,24173.307
2015-01-03 22:00:00,24401.941
2015-01-03 22:30:00,24380.545
2015-01-03 23:00:00,24395.787
2015-01-03 23:30:00,23901.691
2015-01-04 00:00:00,23146.7
2015-01-04 00:30:00,22073.941
2015-01-04 01:00:00,20803.836
2015-01-04 01:30:00,19706.596
2015-01-04 02:00:00,18499.04
2015-01-04 02:30:00,17681.193
2015-01-04 03:00:00,16706.59
2015-01-04 03:30:00,15314.622
2015-01-04 04:00:00,13998.526
2015-01-04 04:30:00,12447.0625
2015-01-04 05:00:00,11410.98
2015-01-04 05:30:00,10584.064
2015-01-04 06:00:00,9949.014
2015-01-04 06:30:00,9855.816
2015-01-04 07:00:00,9888.592
2015-01-04 07:30:00,10523.387
2015-01-04 08:00:00,11491.729
2015-01-04 08:30:00,12337.49
2015-01-04 09:00:00,13385.277
2015-01-04 09:30:00,14122.791
2015-01-04 10:00:00,14738.645
2015-01-04 10:30:00,15595.301
2015-01-04 11:00:00,16413.873
2015-01-04 11:30:00,17407.104
2015-01-04 12:00:00,18173.43
2015-01-04 12:30:00,18983.701
2015-01-04 13:00:00,19852.814
2015-01-04 13:30:00,20717.434
2015-01-04 14:00:00,21281.654
2015-01-04 14:30:00,21598.834
2015-01-04 15:00:00,21720.074
2015-01-04 15:30:00,21434.863
2015-01-04 16:00:00,20923.176
2015-01-04 16:30:00,20149.45
2015-01-04 17:00:00,20108.809
2015-01-04 17:30:00,20486.918
2015-01-04 18:00:00,21076.55
2015-01-04 18:30:00,21522.72
2015-01-04 19:00:00,22026.479
2015-01-04 19:30:00,22053.055
2015-01-04 20:00:00,21830.482
2015-01-04 20:30:00,21263.297
2015-01-04 21:00:00,20692.27
2015-01-04 21:30:00,20006.566
2015-01-04 22:00:00,19490.836
2015-01-04 22:30:00,18964.178
2015-01-04 23:00:00,18355.941
2015-01-04 23:30:00,17401.908
2015-01-05 00:00:00,16084.077
2015-01-05 00:30:00,14822.321
2015-01-05 01:00:00,13518.897
2015-01-05 01:30:00,12465.971
2015-01-05 02:00:00,11312.93
2015-01-05 02:30:00,10441.393
2015-01-05 03:00:00,9733.4375
2015-01-05 03:30:00,9162.924
2015-01-05 04:00:00,8375.789
2015-01-05 04:30:00,7995.326
2015-01-05 05:00:00,7398.9805
2015-01-05 05:30:00,7404.99
2015-01-05 06:00:00,7755.9824
2015-01-05 06:30:00,8791.57
2015-01-05 07:00:00,10009.148
2015-01-05 07:30:00,11590.572
2015-01-05 08:00:00,13087.484
2015-01-05 08:30:00,14288.595
2015-01-05 09:00:00,15342.84
2015-01-05 09:30:00,15848.274
2015-01-05 10:00:00,16205.279
2015-01-05 10:30:00,16623.41
2015-01-05 11:00:00,16700.684
2015-01-05 11:30:00,16938.504
2015-01-05 12:00:00,17122.479
2015-01-05 12:30:00,17029.715
2015-01-05 13:00:00,17141.07
2015-01-05 13:30:00,17475.363
2015-01-05 14:00:00,17917.836
2015-01-05 14:30:00,18057.537
2015-01-05 15:00:00,18037.832
2015-01-05 15:30:00,17524.168
2015-01-05 16:00:00,17188.842
2015-01-05 16:30:00,16841.395
2015-01-05 17:00:00,16948.74
2015-01-05 17:30:00,17326.152
2015-01-05 18:00:00,18254.242
2015-01-05 18:30:00,19155.676
2015-01-05 19:00:00,19839.547
2015-01-05 19:30:00,20081.57
2015-01-05 20:00:00,19884.957
2015-01-05 20:30:00,19386.223
2015-01-05 21:00:00,19111.08
2015-01-05 21:30:00,18351.953
2015-01-05 22:00:00,17529.477
2015-01-05 22:30:00,16409.424
2015-01-05 23:00:00,15138.313
2015-01-05 23:30:00,13685.348
2015-01-06 00:00:00,11956.543
2015-01-06 00:30:00,10113.127
2015-01-06 01:00:00,8414.477
2015-01-06 01:30:00,6776.4844
2015-01-06 02:00:00,5372.006
2015-01-06 02:30:00,4659.8965
2015-01-06 03:00:00,3906.246
2015-01-06 03:30:00,3334.3984
2015-01-06 04:00:00,3161.8262
2015-01-06 04:30:00,3432.4727
2015-01-06 05:00:00,3849.6523
2015-01-06 05:30:00,5036.1484
2015-01-06 06:00:00,6498.4414
2015-01-06 06:30:00,8634.047
2015-01-06 07:00:00,11071.34
2015-01-06 07:30:00,13522.488
2015-01-06 08:00:00,15864.427
2015-01-06 08:30:00,17644.988
2015-01-06 09:00:00,18903.123
2015-01-06 09:30:00,19516.875
2015-01-06 10:00:00,19590.352
2015-01-06 10:30:00,19469.406
2015-01-06 11:00:00,19160.973
2015-01-06 11:30:00,18708.613
2015-01-06 12:00:00,18435.727
2015-01-06 12:30:00,18072.104
2015-01-06 13:00:00,17781.592
2015-01-06 13:30:00,17607.305
2015-01-06 14:00:00,17764.762
2015-01-06 14:30:00,17655.623
2015-01-06 15:00:00,17584.61
2015-01-06 15:30:00,17310.383
2015-01-06 16:00:00,17027.2
2015-01-06 16:30:00,16818.406
2015-01-06 17:00:00,17483.605
2015-01-06 17:30:00,18438.246
2015-01-06 18:00:00,19416.02
2015-01-06 18:30:00,20631.309
2015-01-06 19:00:00,21753.053
2015-01-06 19:30:00,22428.514
2015-01-06 20:00:00,22553.605
2015-01-06 20:30:00,22306.219
2015-01-06 21:00:00,22077.703
2015-01-06 21:30:00,21786.293
2015-01-06 22:00:00,20992.402
2015-01-06 22:30:00,19686.79
2015-01-06 23:00:00,18060.031
2015-01-06 23:30:00,16095.006
2015-01-07 00:00:00,13997.693
2015-01-07 00:30:00,11954.221
2015-01-07 01:00:00,10207.199
2015-01-07 01:30:00,8554.58
2015-01-07 02:00:00,6890.8203
2015-01-07 02:30:00,6066.5723
2015-01-07 03:00:00,5477.6523
2015-01-07 03:30:00,5316.537
2015-01-07 04:00:00,5065.758
2015-01-07 04:30:00,4951.252
2015-01-07 05:00:00,5380.9355
2015-01-07 05:30:00,6338.3613
2015-01-07 06:00:00,7698.2266
2015-01-07 06:30:00,9395.02
2015-01-07 07:00:00,11663.143
2015-01-07 07:30:00,13636.753
2015-01-07 08:00:00,15732.003
2015-01-07 08:30:00,17142.793
2015-01-07 09:00:00,17981.902
2015-01-07 09:30:00,18330.684
2015-01-07 10:00:00,18398.32
2015-01-07 10:30:00,18388.205
2015-01-07 11:00:00,18120.936
2015-01-07 11:30:00,17841.516
2015-01-07 12:00:00,17563.848
2015-01-07 12:30:00,17259.402
2015-01-07 13:00:00,17002.578
2015-01-07 13:30:00,17089.672
2015-01-07 14:00:00,17086.95
2015-01-07 14:30:00,17041.266
2015-01-07 15:00:00,17153.557
2015-01-07 15:30:00,17184.156
2015-01-07 16:00:00,16913.383
2015-01-07 16:30:00,16938.25
2015-01-07 17:00:00,17519.533
2015-01-07 17:30:00,18622.031
2015-01-07 18:00:00,19954.162
2015-01-07 18:30:00,21401.746
2015-01-07 19:00:00,22517.543
2015-01-07 19:30:00,23258.023
2015-01-07 20:00:00,23470.242
2015-01-07 20:30:00,23191.229
2015-01-07 21:00:00,22895.926
2015-01-07 21:30:00,22502.184
2015-01-07 22:00:00,21740.05
2015-01-07 22:30:00,20527.004
2015-01-07 23:00:00,19194.617
2015-01-07 23:30:00,17403.45
2015-01-08 00:00:00,14997.246
2015-01-08 00:30:00,12847.125
2015-01-08 01:00:00,10874.432
2015-01-08 01:30:00,9038.514
2015-01-08 02:00:00,7503.672
2015-01-08 02:30:00,6373.3926
2015-01-08 03:00:00,5704.537
2015-01-08 03:30:00,5154.6426
2015-01-08 04:00:00,4832.5547
2015-01-08 04:30:00,4595.371
2015-01-08 05:00:00,4728.336
2015-01-08 05:30:00,5411.7812
2015-01-08 06:00:00,6686.2793
2015-01-08 06:30:00,8464.48
2015-01-08 07:00:00,10519.254
2015-01-08 07:30:00,12489.76
2015-01-08 08:00:00,14270.406
2015-01-08 08:30:00,15484.718
2015-01-08 09:00:00,16172.671
2015-01-08 09:30:00,16530.273
2015-01-08 10:00:00,16658.176
2015-01-08 10:30:00,16599.508
2015-01-08 11:00:00,16507.445
2015-01-08 11:30:00,16493.543
2015-01-08 12:00:00,16384.11
2015-01-08 12:30:00,16132.087
2015-01-08 13:00:00,16003.188
2015-01-08 13:30:00,16158.097
2015-01-08 14:00:00,16371.291
2015-01-08 14:30:00,16348.439
2015-01-08 15:00:00,16098.563
2015-01-08 15:30:00,15897.809
2015-01-08 16:00:00,15450.917
2015-01-08 16:30:00,15375.38
2015-01-08 17:00:00,16091.392
2015-01-08 17:30:00,17261.443
2015-01-08 18:00:00,18868.553
2015-01-08 18:30:00,20271.725
2015-01-08 19:00:00,21366.992
2015-01-08 19:30:00,22257.902
2015-01-08 20:00:00,22648.305
2015-01-08 20:30:00,22541.418
2015-01-08 21:00:00,22683.512
2015-01-08 21:30:00,22519.445
2015-01-08 22:00:00,22355.443
2015-01-08 22:30:00,21587.688
2015-01-08 23:00:00,20710.797
2015-01-08 23:30:00,19309.824
2015-01-09 00:00:00,17645.824
2015-01-09 00:30:00,15518.177
2015-01-09 01:00:00,13527.926
2015-01-09 01:30:00,11556.363
2015-01-09 02:00:00,9944.432
2015-01-09 02:30:00,8635.734
2015-01-09 03:00:00,7651.5664
2015-01-09 03:30:00,6686.5156
2015-01-09 04:00:00,5753.375
2015-01-09 04:30:00,4896.869
2015-01-09 05:00:00,4470.6973
2015-01-09 05:30:00,4748.1855
2015-01-09 06:00:00,5694.5684
2015-01-09 06:30:00,7190.8535
2015-01-09 07:00:00,9095.271
2015-01-09 07:30:00,11341.533
2015-01-09 08:00:00,13150.154
2015-01-09 08:30:00,14545.914
2015-01-09 09:00:00,15715.951
2015-01-09 09:30:00,16576.734
2015-01-09 10:00:00,17328.793
2015-01-09 10:30:00,17644.467
2015-01-09 11:00:00,17942.984
2015-01-09 11:30:00,18052.09
2015-01-09 12:00:00,18062.434
2015-01-09 12:30:00,18059.412
2015-01-09 13:00:00,18066.262
2015-01-09 13:30:00,18430.715
2015-01-09 14:00:00,18400.816
2015-01-09 14:30:00,18325.574
2015-01-09 15:00:00,17928.348
2015-01-09 15:30:00,17392.562
2015-01-09 16:00:00,16617.34
2015-01-09 16:30:00,16469.88
2015-01-09 17:00:00,16677.793
2015-01-09 17:30:00,17574.07
2015-01-09 18:00:00,18786.613
2015-01-09 18:30:00,20147.02
2015-01-09 19:00:00,21313.84
2015-01-09 19:30:00,22212.455
2015-01-09 20:00:00,22788.465
2015-01-09 20:30:00,23251.15
2015-01-09 21:00:00,23570.43
2015-01-09 21:30:00,23890.05
2015-01-09 22:00:00,24081.55
2015-01-09 22:30:00,24050.992
2015-01-09 23:00:00,23915.537
2015-01-09 23:30:00,23413.186
2015-01-10 00:00:00,22363.486
2015-01-10 00:30:00,20934.086
2015-01-10 01:00:00,19524.04
2015-01-10 01:30:00,18050.51
2015-01-10 02:00:00,16442.422
2015-01-10 02:30:00,15086.114
2015-01-10 03:00:00,13755.128
2015-01-10 03:30:00,12315.787
2015-01-10 04:00:00,11242.385
2015-01-10 04:30:00,9592.855
2015-01-10 05:00:00,8170.3145
2015-01-10 05:30:00,7362.0117
2015-01-10 06:00:00,6949.7734
2015-01-10 06:30:00,7312.33
2015-01-10 07:00:00,8088.3125
2015-01-10 07:30:00,9314.129
2015-01-10 08:00:00,10843.389
2015-01-10 08:30:00,12280.621
2015-01-10 09:00:00,13386.4375
2015-01-10 09:30:00,14637.033
2015-01-10 10:00:00,15709.768
2015-01-10 10:30:00,16789.621
2015-01-10 11:00:00,17843.578
2015-01-10 11:30:00,18796.34
2015-01-10 12:00:00,19511.621
2015-01-10 12:30:00,20115.2
2015-01-10 13:00:00,20637.658
2015-01-10 13:30:00,21259.668
2015-01-10 14:00:00,21611.32
2015-01-10 14:30:00,21694.627
2015-01-10 15:00:00,21489.04
2015-01-10 15:30:00,20918.445
2015-01-10 16:00:00,20174.836
2015-01-10 16:30:00,19429.426
2015-01-10 17:00:00,19411.336
2015-01-10 17:30:00,19867.164
2015-01-10 18:00:00,20453.35
2015-01-10 18:30:00,21421.668
2015-01-10 19:00:00,22632.566
2015-01-10 19:30:00,23112.627
2015-01-10 20:00:00,23207.133
2015-01-10 20:30:00,23131.988
2015-01-10 21:00:00,23163.875
2015-01-10 21:30:00,23318.9
2015-01-10 22:00:00,23681.898
2015-01-10 22:30:00,23665.836
2015-01-10 23:00:00,23627.07
2015-01-10 23:30:00,22864.678
2015-01-11 00:00:00,22338.008
2015-01-11 00:30:00,21257.53
2015-01-11 01:00:00,19756.809
2015-01-11 01:30:00,18461.287
2015-01-11 02:00:00,17445.148
2015-01-11 02:30:00,16496.535
2015-01-11 03:00:00,15451.8125
2015-01-11 03:30:00,14356.085
2015-01-11 04:00:00,13072.855
2015-01-11 04:30:00,11540.939
2015-01-11 05:00:00,9858.893
2015-01-11 05:30:00,8997.191
2015-01-11 06:00:00,8307.84
2015-01-11 06:30:00,8032.826
2015-01-11 07:00:00,8247.145
2015-01-11 07:30:00,8755.387
2015-01-11 08:00:00,9637.703
2015-01-11 08:30:00,10424.4
2015-01-11 09:00:00,11528.367
2015-01-11 09:30:00,12355.943
2015-01-11 10:00:00,13375.887
2015-01-11 10:30:00,14225.189
2015-01-11 11:00:00,15160.955
2015-01-11 11:30:00,16227.533
2015-01-11 12:00:00,17203.621
2015-01-11 12:30:00,18099.191
2015-01-11 13:00:00,18899.428
2015-01-11 13:30:00,19632.867
2015-01-11 14:00:00,20193.113
2015-01-11 14:30:00,20490.008
2015-01-11 15:00:00,20362.977
2015-01-11 15:30:00,20095.887
2015-01-11 16:00:00,19561.48
2015-01-11 16:30:00,18932.496
2015-01-11 17:00:00,18933.799
2015-01-11 17:30:00,19279.738
2015-01-11 18:00:00,19762.582
2015-01-11 18:30:00,20269.824
2015-01-11 19:00:00,20701.152
2015-01-11 19:30:00,20764.064
2015-01-11 20:00:00,20284.543
2015-01-11 20:30:00,19540.69
2015-01-11 21:00:00,19206.666
2015-01-11 21:30:00,18740.941
2015-01-11 22:00:00,18278.555
2015-01-11 22:30:00,17793.064
2015-01-11 23:00:00,17023.213
2015-01-11 23:30:00,16164.749
2015-01-12 00:00:00,14833.186
2015-01-12 00:30:00,13531.201
2015-01-12 01:00:00,12345.9
2015-01-12 01:30:00,11264.693
2015-01-12 02:00:00,10308.156
2015-01-12 02:30:00,9374.4375
2015-01-12 03:00:00,8723.102
2015-01-12 03:30:00,8200.207
2015-01-12 04:00:00,7542.992
2015-01-12 04:30:00,7015.586
2015-01-12 05:00:00,6453.457
2015-01-12 05:30:00,6702.785
2015-01-12 06:00:00,7193.172
2015-01-12 06:30:00,8137.2754
2015-01-12 07:00:00,9312.939
2015-01-12 07:30:00,10854.402
2015-01-12 08:00:00,12136.258
2015-01-12 08:30:00,13288.572
2015-01-12 09:00:00,14466.949
2015-01-12 09:30:00,15164.271
2015-01-12 10:00:00,15306.863
2015-01-12 10:30:00,15523.476
2015-01-12 11:00:00,15668.797
2015-01-12 11:30:00,15873.622
2015-01-12 12:00:00,15940.282
2015-01-12 12:30:00,16132.928
2015-01-12 13:00:00,16371.971
2015-01-12 13:30:00,16577.766
2015-01-12 14:00:00,16794.453
2015-01-12 14:30:00,16983.887
2015-01-12 15:00:00,16896.047
2015-01-12 15:30:00,16632.84
2015-01-12 16:00:00,16290.441
2015-01-12 16:30:00,15803.253
2015-01-12 17:00:00,15911.32
2015-01-12 17:30:00,16380.163
2015-01-12 18:00:00,17026.504
2015-01-12 18:30:00,18063.879
2015-01-12 19:00:00,18745.55
2015-01-12 19:30:00,19012.531
2015-01-12 20:00:00,18795.77
2015-01-12 20:30:00,18286.996
2015-01-12 21:00:00,17849.527
2015-01-12 21:30:00,17265.572
2015-01-12 22:00:00,16570.906
2015-01-12 22:30:00,15647.9
2015-01-12 23:00:00,14389.069
2015-01-12 23:30:00,12999.179
2015-01-13 00:00:00,11112.045
2015-01-13 00:30:00,9386.482
2015-01-13 01:00:00,7527.2656
2015-01-13 01:30:00,6016.6953
2015-01-13 02:00:00,4836.998
2015-01-13 02:30:00,4100.0566
2015-01-13 03:00:00,3496.127
2015-01-13 03:30:00,3084.6348
2015-01-13 04:00:00,2902.5996
2015-01-13 04:30:00,3095.4492
2015-01-13 05:00:00,3541.6992
2015-01-13 05:30:00,4564.92
2015-01-13 06:00:00,6122.574
2015-01-13 06:30:00,7966.6855
2015-01-13 07:00:00,10224.559
2015-01-13 07:30:00,12525.9
2015-01-13 08:00:00,14856.611
2015-01-13 08:30:00,16659.207
2015-01-13 09:00:00,17810.504
2015-01-13 09:30:00,18468.11
2015-01-13 10:00:00,18822.562
2015-01-13 10:30:00,18633.219
2015-01-13 11:00:00,18384.941
2015-01-13 11:30:00,18081.414
2015-01-13 12:00:00,17826.016
2015-01-13 12:30:00,17268.035
2015-01-13 13:00:00,16863.885
2015-01-13 13:30:00,16666.64
2015-01-13 14:00:00,16746.363
2015-01-13 14:30:00,16805.54
2015-01-13 15:00:00,16738.215
2015-01-13 15:30:00,16335.402
2015-01-13 16:00:00,16084.95
2015-01-13 16:30:00,16039.67
2015-01-13 17:00:00,16440.402
2015-01-13 17:30:00,17165.812
2015-01-13 18:00:00,18446.516
2015-01-13 18:30:00,19844.758
2015-01-13 19:00:00,20871.957
2015-01-13 19:30:00,21324.244
2015-01-13 20:00:00,21313.652
2015-01-13 20:30:00,20975.094
2015-01-13 21:00:00,20800.242
2015-01-13 21:30:00,20171.04
2015-01-13 22:00:00,19290.46
2015-01-13 22:30:00,18209.7
2015-01-13 23:00:00,16720.16
2015-01-13 23:30:00,14868.313
2015-01-14 00:00:00,12678.977
2015-01-14 00:30:00,10784.697
2015-01-14 01:00:00,8775.041
2015-01-14 01:30:00,7337.5996
2015-01-14 02:00:00,6071.5996
2015-01-14 02:30:00,5103.1523
2015-01-14 03:00:00,4475.963
2015-01-14 03:30:00,4180.914
2015-01-14 04:00:00,3932.8457
2015-01-14 04:30:00,3957.6035
2015-01-14 05:00:00,4352.324
2015-01-14 05:30:00,5415.9395
2015-01-14 06:00:00,7061.537
2015-01-14 06:30:00,9095.232
2015-01-14 07:00:00,11329.281
2015-01-14 07:30:00,13290.013
2015-01-14 08:00:00,15211.062
2015-01-14 08:30:00,16542.688
2015-01-14 09:00:00,17242.072
2015-01-14 09:30:00,17547.992
2015-01-14 10:00:00,17549.809
2015-01-14 10:30:00,17592.367
2015-01-14 11:00:00,17215.904
2015-01-14 11:30:00,17006.533
2015-01-14 12:00:00,16853.133
2015-01-14 12:30:00,16649.738
2015-01-14 13:00:00,16540.898
2015-01-14 13:30:00,16440.316
2015-01-14 14:00:00,16432.43
2015-01-14 14:30:00,16349.069
2015-01-14 15:00:00,16255.976
2015-01-14 15:30:00,16181.165
2015-01-14 16:00:00,15905.08
2015-01-14 16:30:00,16032.984
2015-01-14 17:00:00,18031.531
2015-01-14 17:30:00,19059.426
2015-01-14 18:00:00,20135.352
2015-01-14 18:30:00,21355.445
2015-01-14 19:00:00,22467.387
2015-01-14 19:30:00,23442.121
2015-01-14 20:00:00,23667.834
2015-01-14 20:30:00,23232.646
2015-01-14 21:00:00,22944.568
2015-01-14 21:30:00,22378.188
2015-01-14 22:00:00,21436.52
2015-01-14 22:30:00,20433.67
2015-01-14 23:00:00,19139.402
2015-01-14 23:30:00,17617.629
2015-01-15 00:00:00,15516.98
2015-01-15 00:30:00,13449.51
2015-01-15 01:00:00,11198.24
2015-01-15 01:30:00,9287.018
2015-01-15 02:00:00,7867.1074
2015-01-15 02:30:00,6888.1113
2015-01-15 03:00:00,6182.963
2015-01-15 03:30:00,5690.5
2015-01-15 04:00:00,5204.2285
2015-01-15 04:30:00,5110.74
2015-01-15 05:00:00,5297.0215
2015-01-15 05:30:00,5991.5703
2015-01-15 06:00:00,7268.2656
2015-01-15 06:30:00,9138.324
2015-01-15 07:00:00,11181.627
2015-01-15 07:30:00,13260.908
2015-01-15 08:00:00,15174.835
2015-01-15 08:30:00,16236.015
2015-01-15 09:00:00,17190.56
2015-01-15 09:30:00,17630.59
2015-01-15 10:00:00,17801.486
2015-01-15 10:30:00,17692.367
2015-01-15 11:00:00,17623.287
2015-01-15 11:30:00,17469.572
2015-01-15 12:00:00,17489.035
2015-01-15 12:30:00,17083.477
2015-01-15 13:00:00,16709.96
2015-01-15 13:30:00,16729.896
2015-01-15 14:00:00,16797.09
2015-01-15 14:30:00,16819.316
2015-01-15 15:00:00,16475.672
2015-01-15 15:30:00,16324.735
2015-01-15 16:00:00,15942.426
2015-01-15 16:30:00,15956.653
2015-01-15 17:00:00,16508.02
2015-01-15 17:30:00,17629.197
2015-01-15 18:00:00,18836.969
2015-01-15 18:30:00,20291.46
2015-01-15 19:00:00,21434.73
2015-01-15 19:30:00,22382.46
2015-01-15 20:00:00,22881.52
2015-01-15 20:30:00,22630.041
2015-01-15 21:00:00,22762.03
2015-01-15 21:30:00,22689.637
2015-01-15 22:00:00,22307.428
2015-01-15 22:30:00,21741.834
2015-01-15 23:00:00,21018.658
2015-01-15 23:30:00,19584.98
2015-01-16 00:00:00,17685.705
2015-01-16 00:30:00,15666.228
2015-01-16 01:00:00,13569.663
2015-01-16 01:30:00,11622.838
2015-01-16 02:00:00,10133.119
2015-01-16 02:30:00,8806.896
2015-01-16 03:00:00,7706.457
2015-01-16 03:30:00,6838.326
2015-01-16 04:00:00,5984.842
2015-01-16 04:30:00,5967.746
2015-01-16 05:00:00,5626.0547
2015-01-16 05:30:00,5857.3887
2015-01-16 06:00:00,6802.2656
2015-01-16 06:30:00,8444.123
2015-01-16 07:00:00,10615.771
2015-01-16 07:30:00,12851.65
2015-01-16 08:00:00,14951.897
2015-01-16 08:30:00,16731.398
2015-01-16 09:00:00,17986.68
2015-01-16 09:30:00,18852.875
2015-01-16 10:00:00,19545.71
2015-01-16 10:30:00,19700.148
2015-01-16 11:00:00,19978.93
2015-01-16 11:30:00,20017.873
2015-01-16 12:00:00,19977.543
2015-01-16 12:30:00,19860.043
2015-01-16 13:00:00,19739.098
2015-01-16 13:30:00,19780.49
2015-01-16 14:00:00,19512.297
2015-01-16 14:30:00,19238.312
2015-01-16 15:00:00,18753.664
2015-01-16 15:30:00,18244.357
2015-01-16 16:00:00,17588.305
2015-01-16 16:30:00,17388.549
2015-01-16 17:00:00,17586.24
2015-01-16 17:30:00,18580.137
2015-01-16 18:00:00,19610.668
2015-01-16 18:30:00,21151.805
2015-01-16 19:00:00,22573.336
2015-01-16 19:30:00,23528.18
2015-01-16 20:00:00,24024.518
2015-01-16 20:30:00,24383.9
2015-01-16 21:00:00,24662.246
2015-01-16 21:30:00,24921.592
2015-01-16 22:00:00,25227.445
2015-01-16 22:30:00,25161.838
2015-01-16 23:00:00,25055.773
2015-01-16 23:30:00,24342.133
2015-01-17 00:00:00,23272.156
2015-01-17 00:30:00,21546.668
2015-01-17 01:00:00,19700.535
2015-01-17 01:30:00,17957.25
2015-01-17 02:00:00,16454.355
2015-01-17 02:30:00,15211.387
2015-01-17 03:00:00,13836.238
2015-01-17 03:30:00,12556.822
2015-01-17 04:00:00,11137.994
2015-01-17 04:30:00,9907.434
2015-01-17 05:00:00,8712.025
2015-01-17 05:30:00,7993.8906
2015-01-17 06:00:00,7651.951
2015-01-17 06:30:00,8192.506
2015-01-17 07:00:00,9020.594
2015-01-17 07:30:00,10446.828
2015-01-17 08:00:00,11822.086
2015-01-17 08:30:00,13190.615
2015-01-17 09:00:00,14367.772
2015-01-17 09:30:00,15625.927
2015-01-17 10:00:00,16788.793
2015-01-17 10:30:00,17679.623
2015-01-17 11:00:00,18445.424
2015-01-17 11:30:00,19055.082
2015-01-17 12:00:00,19609.984
2015-01-17 12:30:00,20171.543
2015-01-17 13:00:00,20666.402
2015-01-17 13:30:00,21170.295
2015-01-17 14:00:00,21527.236
2015-01-17 14:30:00,21684.627
2015-01-17 15:00:00,21428.557
2015-01-17 15:30:00,20819.977
2015-01-17 16:00:00,20036.406
2015-01-17 16:30:00,19582.107
2015-01-17 17:00:00,19604.828
2015-01-17 17:30:00,20208.59
2015-01-17 18:00:00,21100.998
2015-01-17 18:30:00,22000.871
2015-01-17 19:00:00,23238.225
2015-01-17 19:30:00,23953.496
2015-01-17 20:00:00,23943.783
2015-01-17 20:30:00,23973.816
2015-01-17 21:00:00,24152.896
2015-01-17 21:30:00,23995.56
2015-01-17 22:00:00,24276.07
2015-01-17 22:30:00,24292.367
2015-01-17 23:00:00,24222.725
2015-01-17 23:30:00,23790.3
2015-01-18 00:00:00,22911.408
2015-01-18 00:30:00,21723.469
2015-01-18 01:00:00,20443.984
2015-01-18 01:30:00,19217.627
2015-01-18 02:00:00,17939.326
2015-01-18 02:30:00,16557.723
2015-01-18 03:00:00,15448.286
2015-01-18 03:30:00,14514.404
2015-01-18 04:00:00,13089.56
2015-01-18 04:30:00,11801.943
2015-01-18 05:00:00,10441.877
2015-01-18 05:30:00,9681.408
2015-01-18 06:00:00,9160.643
2015-01-18 06:30:00,9099.16
2015-01-18 07:00:00,9441.012
2015-01-18 07:30:00,10280.986
2015-01-18 08:00:00,11277.699
2015-01-18 08:30:00,12316.135
2015-01-18 09:00:00,12731.586
2015-01-18 09:30:00,13553.282
2015-01-18 10:00:00,14423.569
2015-01-18 10:30:00,15246.293
2015-01-18 11:00:00,16195.3
2015-01-18 11:30:00,17374.273
2015-01-18 12:00:00,18397.512
2015-01-18 12:30:00,19061.664
2015-01-18 13:00:00,19905.553
2015-01-18 13:30:00,20596.867
2015-01-18 14:00:00,21187.945
2015-01-18 14:30:00,21780.195
2015-01-18 15:00:00,21796.613
2015-01-18 15:30:00,21220.783
2015-01-18 16:00:00,20499.82
2015-01-18 16:30:00,19701.422
2015-01-18 17:00:00,19603.633
2015-01-18 17:30:00,20003.293
2015-01-18 18:00:00,20433.898
2015-01-18 18:30:00,21066.436
2015-01-18 19:00:00,22081.496
2015-01-18 19:30:00,22011.47
2015-01-18 20:00:00,21752.533
2015-01-18 20:30:00,21244.734
2015-01-18 21:00:00,20931.998
2015-01-18 21:30:00,20369.816
2015-01-18 22:00:00,19797.375
2015-01-18 22:30:00,19332.863
2015-01-18 23:00:00,18762.016
2015-01-18 23:30:00,17610.148
2015-01-19 00:00:00,16280.711
2015-01-19 00:30:00,15120.386
2015-01-19 01:00:00,13606.273
2015-01-19 01:30:00,12169.0625
2015-01-19 02:00:00,11120.416
2015-01-19 02:30:00,10245.977
2015-01-19 03:00:00,9445.762
2015-01-19 03:30:00,8987.65
2015-01-19 04:00:00,8179.379
2015-01-19 04:30:00,7501.5566
2015-01-19 05:00:00,7113.676
2015-01-19 05:30:00,7402.7227
2015-01-19 06:00:00,7781.3594
2015-01-19 06:30:00,8807.641
2015-01-19 07:00:00,10080.525
2015-01-19 07:30:00,11770.289
2015-01-19 08:00:00,13294.888
2015-01-19 08:30:00,14631.784
2015-01-19 09:00:00,15730.582
2015-01-19 09:30:00,16270.47
2015-01-19 10:00:00,16940.914
2015-01-19 10:30:00,17247.139
2015-01-19 11:00:00,17674.084
2015-01-19 11:30:00,18101.494
2015-01-19 12:00:00,18413.773
2015-01-19 12:30:00,18412.781
2015-01-19 13:00:00,18416.555
2015-01-19 13:30:00,18648.133
2015-01-19 14:00:00,18896.197
2015-01-19 14:30:00,19147.3
2015-01-19 15:00:00,18856.11
2015-01-19 15:30:00,18433.95
2015-01-19 16:00:00,17774.367
2015-01-19 16:30:00,17336.879
2015-01-19 17:00:00,17351.559
2015-01-19 17:30:00,17725.678
2015-01-19 18:00:00,18575.797
2015-01-19 18:30:00,19451.656
2015-01-19 19:00:00,20047.357
2015-01-19 19:30:00,20244.562
2015-01-19 20:00:00,20129.45
2015-01-19 20:30:00,19416.254
2015-01-19 21:00:00,19060.818
2015-01-19 21:30:00,18519.44
2015-01-19 22:00:00,17796.703
2015-01-19 22:30:00,16681.924
2015-01-19 23:00:00,15547.782
2015-01-19 23:30:00,13939.764
2015-01-20 00:00:00,12091.514
2015-01-20 00:30:00,10053.336
2015-01-20 01:00:00,8363.584
2015-01-20 01:30:00,6838.1797
2015-01-20 02:00:00,5475.1406
2015-01-20 02:30:00,4354.078
2015-01-20 03:00:00,3595.9414
2015-01-20 03:30:00,3297.8262
2015-01-20 04:00:00,2952.5352
2015-01-20 04:30:00,3172.4336
2015-01-20 05:00:00,3839.5605
2015-01-20 05:30:00,5230.5723
2015-01-20 06:00:00,6689.201
2015-01-20 06:30:00,8824.67
2015-01-20 07:00:00,11077.328
2015-01-20 07:30:00,13663.036
2015-01-20 08:00:00,16238.916
2015-01-20 08:30:00,18087.14
2015-01-20 09:00:00,19045.316
2015-01-20 09:30:00,19702.264
2015-01-20 10:00:00,19982.586
2015-01-20 10:30:00,19987.385
2015-01-20 11:00:00,19884.738
2015-01-20 11:30:00,19745.713
2015-01-20 12:00:00,19582.21
2015-01-20 12:30:00,19042.363
2015-01-20 13:00:00,18612.8
2015-01-20 13:30:00,18332.938
2015-01-20 14:00:00,18281.992
2015-01-20 14:30:00,18239.695
2015-01-20 15:00:00,18174.877
2015-01-20 15:30:00,17654.695
2015-01-20 16:00:00,16985.297
2015-01-20 16:30:00,16656.172
2015-01-20 17:00:00,17084.596
2015-01-20 17:30:00,17808.281
2015-01-20 18:00:00,19005.586
2015-01-20 18:30:00,20411.723
2015-01-20 19:00:00,21515.98
2015-01-20 19:30:00,22112.309
2015-01-20 20:00:00,22312.96
2015-01-20 20:30:00,21921.262
2015-01-20 21:00:00,21493.8
2015-01-20 21:30:00,21062.705
2015-01-20 22:00:00,20416.473
2015-01-20 22:30:00,19178.973
2015-01-20 23:00:00,17667.137
2015-01-20 23:30:00,15921.593
2015-01-21 00:00:00,13878.8955
2015-01-21 00:30:00,11784.428
2015-01-21 01:00:00,9718.186
2015-01-21 01:30:00,8033.748
2015-01-21 02:00:00,6771.074
2015-01-21 02:30:00,6077.1836
2015-01-21 03:00:00,5411.5625
2015-01-21 03:30:00,5141.707
2015-01-21 04:00:00,4737.883
2015-01-21 04:30:00,4706.0977
2015-01-21 05:00:00,5095.574
2015-01-21 05:30:00,6299.166
2015-01-21 06:00:00,7926.0664
2015-01-21 06:30:00,10084.047
2015-01-21 07:00:00,12498.156
2015-01-21 07:30:00,14858.685
2015-01-21 08:00:00,16923.89
2015-01-21 08:30:00,18274.664
2015-01-21 09:00:00,19255.8
2015-01-21 09:30:00,19659.816
2015-01-21 10:00:00,19560.645
2015-01-21 10:30:00,19227.621
2015-01-21 11:00:00,18636.436
2015-01-21 11:30:00,18258.473
2015-01-21 12:00:00,17913.73
2015-01-21 12:30:00,17293.176
2015-01-21 13:00:00,17043.506
2015-01-21 13:30:00,16846.0
2015-01-21 14:00:00,16745.988
2015-01-21 14:30:00,16672.074
2015-01-21 15:00:00,16730.885
2015-01-21 15:30:00,16427.832
2015-01-21 16:00:00,16056.141
2015-01-21 16:30:00,15910.138
2015-01-21 17:00:00,16481.281
2015-01-21 17:30:00,17760.777
2015-01-21 18:00:00,18905.488
2015-01-21 18:30:00,20366.504
2015-01-21 19:00:00,21590.768
2015-01-21 19:30:00,22599.992
2015-01-21 20:00:00,22904.004
2015-01-21 20:30:00,22556.848
2015-01-21 21:00:00,22144.484
2015-01-21 21:30:00,21598.1
2015-01-21 22:00:00,20907.621
2015-01-21 22:30:00,19990.877
2015-01-21 23:00:00,18791.184
2015-01-21 23:30:00,17141.314
2015-01-22 00:00:00,14991.88
2015-01-22 00:30:00,12802.721
2015-01-22 01:00:00,10782.104
2015-01-22 01:30:00,8859.256
2015-01-22 02:00:00,7371.785
2015-01-22 02:30:00,6329.26
2015-01-22 03:00:00,5802.131
2015-01-22 03:30:00,5373.8145
2015-01-22 04:00:00,4845.4297
2015-01-22 04:30:00,4852.0605
2015-01-22 05:00:00,5107.201
2015-01-22 05:30:00,5865.623
2015-01-22 06:00:00,7158.1367
2015-01-22 06:30:00,8963.283
2015-01-22 07:00:00,11076.377
2015-01-22 07:30:00,13069.944
2015-01-22 08:00:00,15280.337
2015-01-22 08:30:00,16677.018
2015-01-22 09:00:00,17647.355
2015-01-22 09:30:00,17865.398
2015-01-22 10:00:00,17920.734
2015-01-22 10:30:00,17845.402
2015-01-22 11:00:00,17489.328
2015-01-22 11:30:00,17252.484
2015-01-22 12:00:00,17061.46
2015-01-22 12:30:00,16690.547
2015-01-22 13:00:00,16244.331
2015-01-22 13:30:00,16133.852
2015-01-22 14:00:00,16266.05
2015-01-22 14:30:00,16371.63
2015-01-22 15:00:00,16266.837
2015-01-22 15:30:00,15959.343
2015-01-22 16:00:00,15399.167
2015-01-22 16:30:00,15206.702
2015-01-22 17:00:00,15773.021
2015-01-22 17:30:00,16939.07
2015-01-22 18:00:00,18134.027
2015-01-22 18:30:00,19895.129
2015-01-22 19:00:00,21246.04
2015-01-22 19:30:00,22275.09
2015-01-22 20:00:00,22778.406
2015-01-22 20:30:00,22752.664
2015-01-22 21:00:00,22921.852
2015-01-22 21:30:00,22809.672
2015-01-22 22:00:00,22530.791
2015-01-22 22:30:00,22075.93
2015-01-22 23:00:00,21396.508
2015-01-22 23:30:00,20073.75
2015-01-23 00:00:00,18344.412
2015-01-23 00:30:00,16008.162
2015-01-23 01:00:00,13565.274
2015-01-23 01:30:00,11312.074
2015-01-23 02:00:00,9601.268
2015-01-23 02:30:00,8426.17
2015-01-23 03:00:00,7273.67
2015-01-23 03:30:00,6388.074
2015-01-23 04:00:00,5585.172
2015-01-23 04:30:00,4915.533
2015-01-23 05:00:00,4770.8887
2015-01-23 05:30:00,5304.871
2015-01-23 06:00:00,6309.6387
2015-01-23 06:30:00,8090.4434
2015-01-23 07:00:00,10082.16
2015-01-23 07:30:00,12300.674
2015-01-23 08:00:00,14435.835
2015-01-23 08:30:00,16167.218
2015-01-23 09:00:00,17490.45
2015-01-23 09:30:00,18376.723
2015-01-23 10:00:00,19077.805
2015-01-23 10:30:00,19325.451
2015-01-23 11:00:00,19502.238
2015-01-23 11:30:00,19736.797
2015-01-23 12:00:00,19817.424
2015-01-23 12:30:00,19409.057
2015-01-23 13:00:00,18855.848
2015-01-23 13:30:00,18801.035
2015-01-23 14:00:00,18755.293
2015-01-23 14:30:00,18576.076
2015-01-23 15:00:00,18050.518
2015-01-23 15:30:00,17334.254
2015-01-23 16:00:00,16464.78
2015-01-23 16:30:00,16417.06
2015-01-23 17:00:00,16784.29
2015-01-23 17:30:00,17994.535
2015-01-23 18:00:00,19192.086
2015-01-23 18:30:00,20510.549
2015-01-23 19:00:00,21883.732
2015-01-23 19:30:00,22938.89
2015-01-23 20:00:00,23388.463
2015-01-23 20:30:00,23704.328
2015-01-23 21:00:00,23919.154
2015-01-23 21:30:00,24108.83
2015-01-23 22:00:00,24369.287
2015-01-23 22:30:00,24534.547
2015-01-23 23:00:00,24472.162
2015-01-23 23:30:00,23770.18
2015-01-24 00:00:00,22487.723
2015-01-24 00:30:00,20860.898
2015-01-24 01:00:00,19448.275
2015-01-24 01:30:00,17521.863
2015-01-24 02:00:00,15640.995
2015-01-24 02:30:00,14202.736
2015-01-24 03:00:00,12759.598
2015-01-24 03:30:00,11664.186
2015-01-24 04:00:00,10146.826
2015-01-24 04:30:00,8865.264
2015-01-24 05:00:00,7772.713
2015-01-24 05:30:00,6878.504
2015-01-24 06:00:00,6545.865
2015-01-24 06:30:00,6962.0996
2015-01-24 07:00:00,7710.8965
2015-01-24 07:30:00,8963.09
2015-01-24 08:00:00,10407.088
2015-01-24 08:30:00,11955.766
2015-01-24 09:00:00,13151.056
2015-01-24 09:30:00,14396.243
2015-01-24 10:00:00,15412.961
2015-01-24 10:30:00,16548.805
2015-01-24 11:00:00,17766.51
2015-01-24 11:30:00,18810.441
2015-01-24 12:00:00,19495.629
2015-01-24 12:30:00,19745.197
2015-01-24 13:00:00,20104.775
2015-01-24 13:30:00,20439.037
2015-01-24 14:00:00,20859.148
2015-01-24 14:30:00,21043.441
2015-01-24 15:00:00,21032.137
2015-01-24 15:30:00,20358.094
2015-01-24 16:00:00,19482.945
2015-01-24 16:30:00,18705.443
2015-01-24 17:00:00,18762.262
2015-01-24 17:30:00,19230.441
2015-01-24 18:00:00,20023.111
2015-01-24 18:30:00,21133.6
2015-01-24 19:00:00,22338.562
2015-01-24 19:30:00,22921.893
2015-01-24 20:00:00,23078.537
2015-01-24 20:30:00,22844.432
2015-01-24 21:00:00,22988.68
2015-01-24 21:30:00,22879.688
2015-01-24 22:00:00,23166.979
2015-01-24 22:30:00,23330.914
2015-01-24 23:00:00,23228.963
2015-01-24 23:30:00,22646.883
2015-01-25 00:00:00,21878.912
2015-01-25 00:30:00,20573.328
2015-01-25 01:00:00,19626.062
2015-01-25 01:30:00,18111.877
2015-01-25 02:00:00,16698.824
2015-01-25 02:30:00,15612.248
2015-01-25 03:00:00,14518.955
2015-01-25 03:30:00,13477.002
2015-01-25 04:00:00,12093.945
2015-01-25 04:30:00,10731.146
2015-01-25 05:00:00,9258.131
2015-01-25 05:30:00,8375.344
2015-01-25 06:00:00,8039.6875
2015-01-25 06:30:00,7944.699
2015-01-25 07:00:00,7983.875
2015-01-25 07:30:00,8732.648
2015-01-25 08:00:00,9867.496
2015-01-25 08:30:00,11086.891
2015-01-25 09:00:00,12180.73
2015-01-25 09:30:00,13117.61
2015-01-25 10:00:00,14111.5205
2015-01-25 10:30:00,15260.504
2015-01-25 11:00:00,16266.553
2015-01-25 11:30:00,17266.416
2015-01-25 12:00:00,18024.348
2015-01-25 12:30:00,18627.63
2015-01-25 13:00:00,19376.957
2015-01-25 13:30:00,20215.281
2015-01-25 14:00:00,20832.299
2015-01-25 14:30:00,21136.871
2015-01-25 15:00:00,21304.402
2015-01-25 15:30:00,20731.656
2015-01-25 16:00:00,20039.469
2015-01-25 16:30:00,19308.887
2015-01-25 17:00:00,19426.73
2015-01-25 17:30:00,19680.73
2015-01-25 18:00:00,20221.918
2015-01-25 18:30:00,20804.244
2015-01-25 19:00:00,21327.865
2015-01-25 19:30:00,21220.377
2015-01-25 20:00:00,21038.328
2015-01-25 20:30:00,20418.047
2015-01-25 21:00:00,20036.355
2015-01-25 21:30:00,19530.777
2015-01-25 22:00:00,19604.3
2015-01-25 22:30:00,19148.979
2015-01-25 23:00:00,18398.467
2015-01-25 23:30:00,17443.83
2015-01-26 00:00:00,16074.602
2015-01-26 00:30:00,14436.226
2015-01-26 01:00:00,13232.088
2015-01-26 01:30:00,11641.611
2015-01-26 02:00:00,10330.711
2015-01-26 02:30:00,9317.453
2015-01-26 03:00:00,8385.895
2015-01-26 03:30:00,7858.0195
2015-01-26 04:00:00,7231.5703
2015-01-26 04:30:00,6823.8594
2015-01-26 05:00:00,6160.7344
2015-01-26 05:30:00,5969.324
2015-01-26 06:00:00,6274.715
2015-01-26 06:30:00,7581.049
2015-01-26 07:00:00,8669.953
2015-01-26 07:30:00,10566.51
2015-01-26 08:00:00,12562.047
2015-01-26 08:30:00,13901.225
2015-01-26 09:00:00,15160.866
2015-01-26 09:30:00,16204.786
2015-01-26 10:00:00,17119.316
2015-01-26 10:30:00,17316.504
2015-01-26 11:00:00,17529.752
2015-01-26 11:30:00,17578.73
2015-01-26 12:00:00,17779.941
2015-01-26 12:30:00,17628.309
2015-01-26 13:00:00,17666.373
2015-01-26 13:30:00,18080.59
2015-01-26 14:00:00,18720.918
2015-01-26 14:30:00,19112.717
2015-01-26 15:00:00,19172.896
2015-01-26 15:30:00,18398.715
2015-01-26 16:00:00,17645.566
2015-01-26 16:30:00,17050.477
2015-01-26 17:00:00,16966.18
2015-01-26 17:30:00,17386.373
2015-01-26 18:00:00,18231.395
2015-01-26 18:30:00,19078.484
2015-01-26 19:00:00,19943.992
2015-01-26 19:30:00,20073.521
2015-01-26 20:00:00,19828.777
2015-01-26 20:30:00,19491.188
2015-01-26 21:00:00,18974.191
2015-01-26 21:30:00,18264.203
2015-01-26 22:00:00,17849.105
2015-01-26 22:30:00,16802.822
2015-01-26 23:00:00,15741.548
2015-01-26 23:30:00,14114.471
2015-01-27 00:00:00,12507.977
2015-01-27 00:30:00,10631.162
2015-01-27 01:00:00,8699.023
2015-01-27 01:30:00,6930.535
2015-01-27 02:00:00,5531.551
2015-01-27 02:30:00,4578.9844
2015-01-27 03:00:00,3754.541
2015-01-27 03:30:00,3228.1719
2015-01-27 04:00:00,2772.252
2015-01-27 04:30:00,2980.336
2015-01-27 05:00:00,3472.377
2015-01-27 05:30:00,4341.4766
2015-01-27 06:00:00,5781.0254
2015-01-27 06:30:00,7942.2227
2015-01-27 07:00:00,10447.885
2015-01-27 07:30:00,12843.162
2015-01-27 08:00:00,14971.17
2015-01-27 08:30:00,17096.975
2015-01-27 09:00:00,18411.973
2015-01-27 09:30:00,19304.504
2015-01-27 10:00:00,19739.59
2015-01-27 10:30:00,19612.68
2015-01-27 11:00:00,19361.107
2015-01-27 11:30:00,19214.352
2015-01-27 12:00:00,18827.512
2015-01-27 12:30:00,18149.498
2015-01-27 13:00:00,17418.172
2015-01-27 13:30:00,17165.922
2015-01-27 14:00:00,17252.771
2015-01-27 14:30:00,17433.969
2015-01-27 15:00:00,17410.402
2015-01-27 15:30:00,16810.164
2015-01-27 16:00:00,16439.102
2015-01-27 16:30:00,16106.826
2015-01-27 17:00:00,16566.82
2015-01-27 17:30:00,16887.094
2015-01-27 18:00:00,17937.715
2015-01-27 18:30:00,19531.203
2015-01-27 19:00:00,20757.822
2015-01-27 19:30:00,21269.828
2015-01-27 20:00:00,21294.871
2015-01-27 20:30:00,20618.492
2015-01-27 21:00:00,20315.639
2015-01-27 21:30:00,19850.375
2015-01-27 22:00:00,19237.05
2015-01-27 22:30:00,18003.512
2015-01-27 23:00:00,16531.07
2015-01-27 23:30:00,14890.996
2015-01-28 00:00:00,12936.801
2015-01-28 00:30:00,10950.742
2015-01-28 01:00:00,9141.721
2015-01-28 01:30:00,7584.662
2015-01-28 02:00:00,6273.951
2015-01-28 02:30:00,5472.828
2015-01-28 03:00:00,4925.549
2015-01-28 03:30:00,4721.3027
2015-01-28 04:00:00,4298.3125
2015-01-28 04:30:00,4438.4297
2015-01-28 05:00:00,4899.959
2015-01-28 05:30:00,6168.7266
2015-01-28 06:00:00,7710.7383
2015-01-28 06:30:00,9700.316
2015-01-28 07:00:00,11809.156
2015-01-28 07:30:00,14164.289
2015-01-28 08:00:00,16152.115
2015-01-28 08:30:00,17748.871
2015-01-28 09:00:00,18765.248
2015-01-28 09:30:00,18975.332
2015-01-28 10:00:00,18790.605
2015-01-28 10:30:00,18648.678
2015-01-28 11:00:00,18264.148
2015-01-28 11:30:00,18002.59
2015-01-28 12:00:00,17828.73
2015-01-28 12:30:00,17453.531
2015-01-28 13:00:00,17052.865
2015-01-28 13:30:00,16772.104
2015-01-28 14:00:00,16899.79
2015-01-28 14:30:00,16797.057
2015-01-28 15:00:00,16667.736
2015-01-28 15:30:00,16146.9795
2015-01-28 16:00:00,15469.681
2015-01-28 16:30:00,15502.198
2015-01-28 17:00:00,16290.597
2015-01-28 17:30:00,17472.137
2015-01-28 18:00:00,18784.863
2015-01-28 18:30:00,20113.135
2015-01-28 19:00:00,21335.21
2015-01-28 19:30:00,22009.871
2015-01-28 20:00:00,22099.629
2015-01-28 20:30:00,21939.617
2015-01-28 21:00:00,21533.695
2015-01-28 21:30:00,21213.348
2015-01-28 22:00:00,20435.531
2015-01-28 22:30:00,19579.562
2015-01-28 23:00:00,18274.04
2015-01-28 23:30:00,16857.943
2015-01-29 00:00:00,14816.626
2015-01-29 00:30:00,12545.967
2015-01-29 01:00:00,10649.725
2015-01-29 01:30:00,8964.299
2015-01-29 02:00:00,7492.3984
2015-01-29 02:30:00,6588.0
2015-01-29 03:00:00,5957.748
2015-01-29 03:30:00,5627.6562
2015-01-29 04:00:00,5654.086
2015-01-29 04:30:00,5651.1562
2015-01-29 05:00:00,5914.0195
2015-01-29 05:30:00,6732.549
2015-01-29 06:00:00,7969.416
2015-01-29 06:30:00,9730.316
2015-01-29 07:00:00,11551.932
2015-01-29 07:30:00,13514.317
2015-01-29 08:00:00,15358.196
2015-01-29 08:30:00,16783.434
2015-01-29 09:00:00,17508.66
2015-01-29 09:30:00,17721.004
2015-01-29 10:00:00,17780.557
2015-01-29 10:30:00,17657.684
2015-01-29 11:00:00,17444.34
2015-01-29 11:30:00,17549.668
2015-01-29 12:00:00,17455.928
2015-01-29 12:30:00,17026.332
2015-01-29 13:00:00,16626.559
2015-01-29 13:30:00,16541.547
2015-01-29 14:00:00,16675.344
2015-01-29 14:30:00,16775.574
2015-01-29 15:00:00,16693.262
2015-01-29 15:30:00,16265.947
2015-01-29 16:00:00,15669.743
2015-01-29 16:30:00,15441.809
2015-01-29 17:00:00,15964.797
2015-01-29 17:30:00,17332.352
2015-01-29 18:00:00,18713.963
2015-01-29 18:30:00,20222.477
2015-01-29 19:00:00,21398.1
2015-01-29 19:30:00,22214.312
2015-01-29 20:00:00,22432.1
2015-01-29 20:30:00,22427.879
2015-01-29 21:00:00,22374.336
2015-01-29 21:30:00,22327.553
2015-01-29 22:00:00,22289.988
2015-01-29 22:30:00,21805.707
2015-01-29 23:00:00,21087.25
2015-01-29 23:30:00,19709.98
2015-01-30 00:00:00,17985.363
2015-01-30 00:30:00,15775.097
2015-01-30 01:00:00,13469.499
2015-01-30 01:30:00,11261.518
2015-01-30 02:00:00,9479.719
2015-01-30 02:30:00,8105.7754
2015-01-30 03:00:00,7085.9824
2015-01-30 03:30:00,6309.2383
2015-01-30 04:00:00,5696.955
2015-01-30 04:30:00,5381.7637
2015-01-30 05:00:00,5393.127
2015-01-30 05:30:00,5774.9727
2015-01-30 06:00:00,6887.674
2015-01-30 06:30:00,8592.172
2015-01-30 07:00:00,10425.156
2015-01-30 07:30:00,12502.445
2015-01-30 08:00:00,14202.788
2015-01-30 08:30:00,15906.695
2015-01-30 09:00:00,17120.145
2015-01-30 09:30:00,18025.787
2015-01-30 10:00:00,18742.848
2015-01-30 10:30:00,19074.625
2015-01-30 11:00:00,19125.547
2015-01-30 11:30:00,19365.082
2015-01-30 12:00:00,19343.29
2015-01-30 12:30:00,19024.781
2015-01-30 13:00:00,18533.32
2015-01-30 13:30:00,18531.467
2015-01-30 14:00:00,18555.8
2015-01-30 14:30:00,18580.395
2015-01-30 15:00:00,18119.25
2015-01-30 15:30:00,17554.018
2015-01-30 16:00:00,16704.305
2015-01-30 16:30:00,16387.361
2015-01-30 17:00:00,16791.434
2015-01-30 17:30:00,17933.162
2015-01-30 18:00:00,19219.906
2015-01-30 18:30:00,20767.164
2015-01-30 19:00:00,22345.79
2015-01-30 19:30:00,23244.05
2015-01-30 20:00:00,23543.988
2015-01-30 20:30:00,23687.605
2015-01-30 21:00:00,23831.436
2015-01-30 21:30:00,23786.227
2015-01-30 22:00:00,24296.18
2015-01-30 22:30:00,24514.16
2015-01-30 23:00:00,24669.086
2015-01-30 23:30:00,23979.324
2015-01-31 00:00:00,22793.37
2015-01-31 00:30:00,21291.283
2015-01-31 01:00:00,19683.094
2015-01-31 01:30:00,17931.025
2015-01-31 02:00:00,16185.685
2015-01-31 02:30:00,14799.487
2015-01-31 03:00:00,13331.522
2015-01-31 03:30:00,11988.016
2015-01-31 04:00:00,10557.434
2015-01-31 04:30:00,9190.668
2015-01-31 05:00:00,8121.787
2015-01-31 05:30:00,7293.4414
2015-01-31 06:00:00,6936.8477
2015-01-31 06:30:00,7209.293
2015-01-31 07:00:00,7900.92
2015-01-31 07:30:00,8922.396
2015-01-31 08:00:00,10385.391
2015-01-31 08:30:00,11851.611
2015-01-31 09:00:00,12986.093
2015-01-31 09:30:00,14491.552
2015-01-31 10:00:00,15560.708
2015-01-31 10:30:00,16635.01
2015-01-31 11:00:00,17548.754
2015-01-31 11:30:00,18436.602
2015-01-31 12:00:00,19349.96
2015-01-31 12:30:00,19774.21
2015-01-31 13:00:00,20003.11
2015-01-31 13:30:00,20535.64
2015-01-31 14:00:00,20865.8
2015-01-31 14:30:00,20916.184
2015-01-31 15:00:00,20714.688
2015-01-31 15:30:00,20097.766
2015-01-31 16:00:00,19180.879
2015-01-31 16:30:00,18292.828
2015-01-31 17:00:00,18480.822
2015-01-31 17:30:00,18987.426
2015-01-31 18:00:00,19824.184
2015-01-31 18:30:00,20629.355
2015-01-31 19:00:00,21717.734
2015-01-31 19:30:00,22238.666
2015-01-31 20:00:00,22374.16
2015-01-31 20:30:00,22158.62
2015-01-31 21:00:00,22368.844
2015-01-31 21:30:00,22497.61
2015-01-31 22:00:00,22847.924
2015-01-31 22:30:00,23260.268
2015-01-31 23:00:00,23115.646
2015-01-31 23:30:00,22622.092
